[ColorEffects:Disabled]
Color=56,56,56
ColorAmount=0
ColorEffect=0
ContrastAmount=0.65000000000000002
ContrastEffect=1
IntensityAmount=0.10000000000000001
IntensityEffect=2

[ColorEffects:Inactive]
ChangeSelectionColor=true
Color=112,111,110
ColorAmount=0.025000000000000001
ColorEffect=2
ContrastAmount=0.10000000000000001
ContrastEffect=2
Enable=false
IntensityAmount=0
IntensityEffect=0

[Colors:Button]
BackgroundAlternate=189,195,199
BackgroundNormal=236,236,236
DecorationFocus=18,188,250
DecorationHover=88,183,238
ForegroundActive=18,188,250
ForegroundInactive=130,127,129
ForegroundLink=32,147,238
ForegroundNegative=246,61,50
ForegroundNeutral=244,165,91
ForegroundNormal=59,60,62
ForegroundPositive=83,194,66
ForegroundVisited=208,138,210

[Colors:Selection]
BackgroundAlternate=29,153,243
BackgroundNormal=18,188,250
DecorationFocus=18,188,250
DecorationHover=88,183,238
ForegroundActive=10,111,147
ForegroundInactive=241,241,241
ForegroundLink=24,56,102
ForegroundNegative=246,61,50
ForegroundNeutral=244,165,91
ForegroundNormal=251,251,251
ForegroundPositive=38,90,30
ForegroundVisited=119,79,120

[Colors:Tooltip]
BackgroundAlternate=77,77,77
BackgroundNormal=246,246,246
DecorationFocus=18,188,250
DecorationHover=88,183,238
ForegroundActive=18,188,250
ForegroundInactive=130,127,129
ForegroundLink=32,147,238
ForegroundNegative=246,61,50
ForegroundNeutral=244,165,91
ForegroundNormal=59,60,62
ForegroundPositive=83,194,66
ForegroundVisited=208,138,210

[Colors:View]
BackgroundAlternate=239,240,241
BackgroundNormal=251,251,251
DecorationFocus=18,188,250
DecorationHover=88,183,238
ForegroundActive=18,188,250
ForegroundInactive=130,127,129
ForegroundLink=32,147,238
ForegroundNegative=246,61,50
ForegroundNeutral=244,165,91
ForegroundNormal=59,60,62
ForegroundPositive=83,194,66
ForegroundVisited=208,138,210

[Colors:Window]
BackgroundAlternate=189,195,199
BackgroundNormal=236,236,236
DecorationFocus=18,188,250
DecorationHover=88,183,238
ForegroundActive=18,188,250
ForegroundInactive=130,127,129
ForegroundLink=32,147,238
ForegroundNegative=246,61,50
ForegroundNeutral=244,165,91
ForegroundNormal=59,60,62
ForegroundPositive=83,194,66
ForegroundVisited=205,137,220

[General]
ColorScheme=Helium
Name=Helium
shadeSortColumn=true

[KDE]
contrast=4

[WM]
activeBackground=236,236,236
activeBlend=236,236,236
activeForeground=59,60,62
inactiveBackground=236,236,236
inactiveBlend=130,127,129
inactiveForeground=130,127,129
